#Written by pole_map_weight_distributions_for_cuts_08jun19.py. 
#Maps created using configuration file 
#   /software/spt3g_software_onlinemaps/spt3g/std_processing/mapmakers/pole_autoproc_config.yaml,
# with code at git hash ed461fbecdab3740b6e8249866e08cdd03c76094.
#
# Field    Band [GHz]   ObsId    Weight*RMS^2 
ra0hdec-44.75    90   74877776    8.09164
ra0hdec-44.75    90   74886515    8.09159
ra0hdec-44.75    90   75013641    8.09513
ra0hdec-44.75    90   75022379    8.08828
ra0hdec-44.75    90   75031116    8.02953
ra0hdec-44.75    90   75157374    8.02887
ra0hdec-44.75    90   75166111    8.04672
ra0hdec-44.75    90   75174933    8.10459
ra0hdec-44.75    90   75301520    7.97434
ra0hdec-44.75    90   75310473    7.99092
ra0hdec-44.75    90   75458184    8.21680
ra0hdec-44.75    90   75466920    8.15568
ra0hdec-44.75    90   75593734    8.07900
ra0hdec-44.75    90   75602558    8.12662
ra0hdec-44.75    90   75611427    8.12078
ra0hdec-44.75    90   75739855    8.09432
ra0hdec-44.75    90   75748593    8.15094
ra0hdec-44.75    90   75757491    8.16436
ra0hdec-44.75    90   75885002    8.11075
ra0hdec-44.75    90   75893740    8.04757
ra0hdec-44.75    90   75902478    8.13154
ra0hdec-44.75    90   76032404    8.09661
ra0hdec-44.75    90   76041229    8.04170
ra0hdec-44.75    90   76168430    8.06691
ra0hdec-44.75    90   76177167    8.13011
ra0hdec-44.75    90   76186067    8.18201
ra0hdec-44.75    90   76312291    8.09800
ra0hdec-44.75    90   76321031    8.08179
ra0hdec-44.75    90   76329768    8.12632
ra0hdec-44.75    90   76455933    8.06873
ra0hdec-44.75    90   76464757    8.09865
ra0hdec-44.75    90   76473626    8.13432
ra0hdec-44.75    90   76601328    8.09971
ra0hdec-44.75    90   76610066    8.11802
ra0hdec-44.75   150   74877776    7.41152
ra0hdec-44.75   150   74886515    7.37776
ra0hdec-44.75   150   75013641    7.61559
ra0hdec-44.75   150   75022379    7.58802
ra0hdec-44.75   150   75031116    7.20668
ra0hdec-44.75   150   75157374    7.64544
ra0hdec-44.75   150   75166111    7.64134
ra0hdec-44.75   150   75174933    7.48762
ra0hdec-44.75   150   75301520    7.43443
ra0hdec-44.75   150   75310473    7.41793
ra0hdec-44.75   150   75458184    8.07456
ra0hdec-44.75   150   75466920    8.22033
ra0hdec-44.75   150   75593734    8.06233
ra0hdec-44.75   150   75602558    8.11709
ra0hdec-44.75   150   75611427    8.16950
ra0hdec-44.75   150   75739855    7.42072
ra0hdec-44.75   150   75748593    7.62657
ra0hdec-44.75   150   75757491    7.60805
ra0hdec-44.75   150   75885002    9.26068
ra0hdec-44.75   150   75893740    8.20527
ra0hdec-44.75   150   75902478    7.56774
ra0hdec-44.75   150   76032404    7.89115
ra0hdec-44.75   150   76041229    7.31825
ra0hdec-44.75   150   76168430    7.81962
ra0hdec-44.75   150   76177167    7.78592
ra0hdec-44.75   150   76186067    7.85772
ra0hdec-44.75   150   76312291    7.92900
ra0hdec-44.75   150   76321031    7.94299
ra0hdec-44.75   150   76329768    7.95536
ra0hdec-44.75   150   76455933    7.27797
ra0hdec-44.75   150   76464757    6.86257
ra0hdec-44.75   150   76473626    7.52587
ra0hdec-44.75   150   76601328    7.51899
ra0hdec-44.75   150   76610066    6.97434
ra0hdec-44.75   220   74877776    8.69952
ra0hdec-44.75   220   74886515    8.71587
ra0hdec-44.75   220   75013641    8.82155
ra0hdec-44.75   220   75022379    8.69891
ra0hdec-44.75   220   75031116    7.92997
ra0hdec-44.75   220   75157374    8.73635
ra0hdec-44.75   220   75166111    8.71513
ra0hdec-44.75   220   75174933    8.67163
ra0hdec-44.75   220   75301520    8.47978
ra0hdec-44.75   220   75310473    8.26951
ra0hdec-44.75   220   75458184    9.05712
ra0hdec-44.75   220   75466920    9.19288
ra0hdec-44.75   220   75593734    9.12319
ra0hdec-44.75   220   75602558    8.93098
ra0hdec-44.75   220   75611427    9.08505
ra0hdec-44.75   220   75739855    8.56791
ra0hdec-44.75   220   75748593    8.82134
ra0hdec-44.75   220   75757491    8.74118
ra0hdec-44.75   220   75885002    9.18509
ra0hdec-44.75   220   75893740    8.41001
ra0hdec-44.75   220   75902478    7.99190
ra0hdec-44.75   220   76032404    8.52030
ra0hdec-44.75   220   76041229    7.92923
ra0hdec-44.75   220   76168430    9.02425
ra0hdec-44.75   220   76177167    8.97802
ra0hdec-44.75   220   76186067    9.04763
ra0hdec-44.75   220   76312291    9.05500
ra0hdec-44.75   220   76321031    9.05601
ra0hdec-44.75   220   76329768    9.07318
ra0hdec-44.75   220   76455933    8.02176
ra0hdec-44.75   220   76464757    7.53506
ra0hdec-44.75   220   76473626    8.34542
ra0hdec-44.75   220   76601328    8.29495
ra0hdec-44.75   220   76610066    7.41641
ra0hdec-52.25    90   74898074    8.04357
ra0hdec-52.25    90   74906811    8.03216
ra0hdec-52.25    90   75042523    8.13584
ra0hdec-52.25    90   75051348    8.16854
ra0hdec-52.25    90   75060086    8.14092
ra0hdec-52.25    90   75186564    8.12671
ra0hdec-52.25    90   75195301    8.08688
ra0hdec-52.25    90   75204038    8.09988
ra0hdec-52.25    90   75321894    8.00138
ra0hdec-52.25    90   75330793    7.99910
ra0hdec-52.25    90   75478392    8.34255
ra0hdec-52.25    90   75487129    8.25788
ra0hdec-52.25    90   75622806    8.09583
ra0hdec-52.25    90   75631543    8.03980
ra0hdec-52.25    90   75640280    8.08004
ra0hdec-52.25    90   75768931    8.12611
ra0hdec-52.25    90   75777756    8.10615
ra0hdec-52.25    90   75786749    8.12507
ra0hdec-52.25    90   75914072    8.18024
ra0hdec-52.25    90   75922810    8.22746
ra0hdec-52.25    90   75931709    8.16021
ra0hdec-52.25    90   76052617    8.14252
ra0hdec-52.25    90   76061355    8.12434
ra0hdec-52.25    90   76197463    8.18012
ra0hdec-52.25    90   76206290    8.14412
ra0hdec-52.25    90   76215160    8.19797
ra0hdec-52.25    90   76341239    8.25766
ra0hdec-52.25    90   76349977    8.21322
ra0hdec-52.25    90   76358876    8.15873
ra0hdec-52.25    90   76485017    8.14253
ra0hdec-52.25    90   76493755    8.16566
ra0hdec-52.25    90   76502492    8.10243
ra0hdec-52.25    90   76621607    8.21516
ra0hdec-52.25    90   76630345    8.14352
ra0hdec-52.25   150   74898074    7.52349
ra0hdec-52.25   150   74906811    7.40770
ra0hdec-52.25   150   75042523    7.83067
ra0hdec-52.25   150   75051348    7.83765
ra0hdec-52.25   150   75060086    7.82864
ra0hdec-52.25   150   75186564    7.51087
ra0hdec-52.25   150   75195301    7.73299
ra0hdec-52.25   150   75204038    7.69271
ra0hdec-52.25   150   75321894    7.56357
ra0hdec-52.25   150   75330793    7.55124
ra0hdec-52.25   150   75478392    8.33407
ra0hdec-52.25   150   75487129    8.15505
ra0hdec-52.25   150   75622806    8.00027
ra0hdec-52.25   150   75631543    7.94294
ra0hdec-52.25   150   75640280    8.01237
ra0hdec-52.25   150   75768931    7.79425
ra0hdec-52.25   150   75777756    7.98791
ra0hdec-52.25   150   75786749    8.06727
ra0hdec-52.25   150   75914072    7.88831
ra0hdec-52.25   150   75922810    8.61478
ra0hdec-52.25   150   75931709    9.40677
ra0hdec-52.25   150   76052617    8.14298
ra0hdec-52.25   150   76061355    7.75718
ra0hdec-52.25   150   76197463    8.02006
ra0hdec-52.25   150   76206290    7.99183
ra0hdec-52.25   150   76215160    8.05455
ra0hdec-52.25   150   76341239    8.12523
ra0hdec-52.25   150   76349977    8.02842
ra0hdec-52.25   150   76358876    8.03448
ra0hdec-52.25   150   76485017    7.69739
ra0hdec-52.25   150   76493755    7.74991
ra0hdec-52.25   150   76502492    7.29390
ra0hdec-52.25   150   76621607    7.43360
ra0hdec-52.25   150   76630345    7.22858
ra0hdec-52.25   220   74898074    8.01879
ra0hdec-52.25   220   74906811    7.91855
ra0hdec-52.25   220   75042523    8.30355
ra0hdec-52.25   220   75051348    8.34415
ra0hdec-52.25   220   75060086    8.27167
ra0hdec-52.25   220   75186564    7.89252
ra0hdec-52.25   220   75195301    8.19314
ra0hdec-52.25   220   75204038    8.17626
ra0hdec-52.25   220   75321894    8.29995
ra0hdec-52.25   220   75330793    8.19861
ra0hdec-52.25   220   75478392    8.55934
ra0hdec-52.25   220   75487129    8.39832
ra0hdec-52.25   220   75622806    8.38750
ra0hdec-52.25   220   75631543    8.39860
ra0hdec-52.25   220   75640280    8.36652
ra0hdec-52.25   220   75768931    8.13706
ra0hdec-52.25   220   75777756    8.37725
ra0hdec-52.25   220   75786749    8.51613
ra0hdec-52.25   220   75914072    7.81381
ra0hdec-52.25   220   75922810    8.53327
ra0hdec-52.25   220   75931709    9.16636
ra0hdec-52.25   220   76052617    8.49794
ra0hdec-52.25   220   76061355    8.20939
ra0hdec-52.25   220   76197463    8.36703
ra0hdec-52.25   220   76206290    8.30205
ra0hdec-52.25   220   76215160    8.36109
ra0hdec-52.25   220   76341239    8.49472
ra0hdec-52.25   220   76349977    8.32809
ra0hdec-52.25   220   76358876    8.34960
ra0hdec-52.25   220   76485017    7.78251
ra0hdec-52.25   220   76493755    7.95386
ra0hdec-52.25   220   76502492    7.24355
ra0hdec-52.25   220   76621607    7.76072
ra0hdec-52.25   220   76630345    7.59902
ra0hdec-59.75    90   74809520    8.13021
ra0hdec-59.75    90   74818432    8.11265
ra0hdec-59.75    90   74827301    8.16950
ra0hdec-59.75    90   74941568    8.11615
ra0hdec-59.75    90   74950351    8.17439
ra0hdec-59.75    90   74959158    8.22095
ra0hdec-59.75    90   75085245    8.11677
ra0hdec-59.75    90   75094128    8.21880
ra0hdec-59.75    90   75103010    8.15080
ra0hdec-59.75    90   75229218    8.10594
ra0hdec-59.75    90   75238130    8.10436
ra0hdec-59.75    90   75247042    8.09795
ra0hdec-59.75    90   75387877    8.17136
ra0hdec-59.75    90   75396685    8.28392
ra0hdec-59.75    90   75405467    8.27566
ra0hdec-59.75    90   75521793    8.26208
ra0hdec-59.75    90   75530675    8.16589
ra0hdec-59.75    90   75539457    8.11752
ra0hdec-59.75    90   75665489    8.13822
ra0hdec-59.75    90   75674401    8.17866
ra0hdec-59.75    90   75683195    8.11466
ra0hdec-59.75    90   75811894    8.25950
ra0hdec-59.75    90   75820702    8.16540
ra0hdec-59.75    90   75829509    8.34545
ra0hdec-59.75    90   75964508    8.29970
ra0hdec-59.75    90   75973289    8.42238
ra0hdec-59.75    90   75982072    8.29664
ra0hdec-59.75    90   76096150    8.12156
ra0hdec-59.75    90   76105063    8.16422
ra0hdec-59.75    90   76113857    8.11473
ra0hdec-59.75    90   76240281    8.14845
ra0hdec-59.75    90   76249089    8.13287
ra0hdec-59.75    90   76257897    8.19016
ra0hdec-59.75    90   76384003    8.28481
ra0hdec-59.75    90   76392886    8.23669
ra0hdec-59.75    90   76401669    8.19533
ra0hdec-59.75    90   76533041    8.12658
ra0hdec-59.75    90   76541953    8.19593
ra0hdec-59.75    90   76550821    8.18525
ra0hdec-59.75   150   74809520    7.91950
ra0hdec-59.75   150   74818432    8.04229
ra0hdec-59.75   150   74827301    8.11053
ra0hdec-59.75   150   74941568    8.25621
ra0hdec-59.75   150   74950351    8.02199
ra0hdec-59.75   150   74959158    8.06490
ra0hdec-59.75   150   75085245    8.18253
ra0hdec-59.75   150   75094128    8.17961
ra0hdec-59.75   150   75103010    8.21852
ra0hdec-59.75   150   75229218    7.97212
ra0hdec-59.75   150   75238130    7.94845
ra0hdec-59.75   150   75247042    8.11352
ra0hdec-59.75   150   75387877    8.21151
ra0hdec-59.75   150   75396685    8.53297
ra0hdec-59.75   150   75405467    8.38706
ra0hdec-59.75   150   75521793    8.33093
ra0hdec-59.75   150   75530675    8.22576
ra0hdec-59.75   150   75539457    8.27241
ra0hdec-59.75   150   75665489    8.33544
ra0hdec-59.75   150   75674401    8.29714
ra0hdec-59.75   150   75683195    8.27522
ra0hdec-59.75   150   75811894    8.37671
ra0hdec-59.75   150   75820702    8.36958
ra0hdec-59.75   150   75829509    8.49798
ra0hdec-59.75   150   75964508    9.10316
ra0hdec-59.75   150   75973289   12.80064
ra0hdec-59.75   150   75982072   12.29870
ra0hdec-59.75   150   76096150    8.12021
ra0hdec-59.75   150   76105063    8.26965
ra0hdec-59.75   150   76113857    8.10850
ra0hdec-59.75   150   76240281    8.27572
ra0hdec-59.75   150   76249089    8.38018
ra0hdec-59.75   150   76257897    8.40510
ra0hdec-59.75   150   76384003    8.29372
ra0hdec-59.75   150   76392886    8.31310
ra0hdec-59.75   150   76401669    8.26642
ra0hdec-59.75   150   76533041    7.94760
ra0hdec-59.75   150   76541953    7.89834
ra0hdec-59.75   150   76550821    8.08525
ra0hdec-59.75   150   76669544    7.99287
ra0hdec-59.75   220   74809520    8.56207
ra0hdec-59.75   220   74818432    8.67359
ra0hdec-59.75   220   74827301    8.60336
ra0hdec-59.75   220   74941568    8.72517
ra0hdec-59.75   220   74950351    8.59142
ra0hdec-59.75   220   74959158    8.65567
ra0hdec-59.75   220   75085245    8.75865
ra0hdec-59.75   220   75094128    8.75831
ra0hdec-59.75   220   75103010    9.58230
ra0hdec-59.75   220   75229218    8.67357
ra0hdec-59.75   220   75238130    8.56479
ra0hdec-59.75   220   75247042    8.63044
ra0hdec-59.75   220   75387877    8.78316
ra0hdec-59.75   220   75396685    9.01412
ra0hdec-59.75   220   75405467    8.98332
ra0hdec-59.75   220   75521793    8.89384
ra0hdec-59.75   220   75530675    8.75426
ra0hdec-59.75   220   75539457    8.74000
ra0hdec-59.75   220   75665489    8.81437
ra0hdec-59.75   220   75674401    8.70739
ra0hdec-59.75   220   75683195    8.76338
ra0hdec-59.75   220   75811894    8.86421
ra0hdec-59.75   220   75820702    8.82179
ra0hdec-59.75   220   75829509    9.01170
ra0hdec-59.75   220   75964508    9.03380
ra0hdec-59.75   220   75973289   12.01350
ra0hdec-59.75   220   75982072   11.78677
ra0hdec-59.75   220   76096150    8.65724
ra0hdec-59.75   220   76105063    8.81389
ra0hdec-59.75   220   76113857    8.67458
ra0hdec-59.75   220   76240281    8.76288
ra0hdec-59.75   220   76249089    8.80754
ra0hdec-59.75   220   76257897    8.87396
ra0hdec-59.75   220   76384003    8.75339
ra0hdec-59.75   220   76392886    8.80132
ra0hdec-59.75   220   76401669    8.77696
ra0hdec-59.75   220   76533041    8.30594
ra0hdec-59.75   220   76541953    8.35166
ra0hdec-59.75   220   76550821    8.36970
ra0hdec-67.25    90   74838861    8.14875
ra0hdec-67.25    90   74970616    8.16024
ra0hdec-67.25    90   74979545    8.17561
ra0hdec-67.25    90   74988458    8.09052
ra0hdec-67.25    90   75114461    8.03680
ra0hdec-67.25    90   75123245    8.19262
ra0hdec-67.25    90   75132054    8.14784
ra0hdec-67.25    90   75258549    8.14426
ra0hdec-67.25    90   75267433    8.19612
ra0hdec-67.25    90   75276316    8.21793
ra0hdec-67.25    90   75417040    8.10482
ra0hdec-67.25    90   75425835    8.16417
ra0hdec-67.25    90   75550908    8.19635
ra0hdec-67.25    90   75559694    8.16477
ra0hdec-67.25    90   75568504    8.22809
ra0hdec-67.25    90   75694742    8.17380
ra0hdec-67.25    90   75703625    8.12970
ra0hdec-67.25    90   75712409    8.15243
ra0hdec-67.25    90   75841100    8.16890
ra0hdec-67.25    90   75850013    8.93769
ra0hdec-67.25    90   75993535    8.18425
ra0hdec-67.25    90   76002344    8.21198
ra0hdec-67.25    90   76125456    8.23245
ra0hdec-67.25    90   76134340    8.14748
ra0hdec-67.25    90   76143123    8.16429
ra0hdec-67.25    90   76269435    8.20495
ra0hdec-67.25    90   76278348    8.06746
ra0hdec-67.25    90   76287145    8.09592
ra0hdec-67.25    90   76413092    8.15270
ra0hdec-67.25    90   76421902    8.09094
ra0hdec-67.25    90   76430712    8.18439
ra0hdec-67.25    90   76562350    8.15747
ra0hdec-67.25    90   76571133    8.11862
ra0hdec-67.25   150   74838861    8.40806
ra0hdec-67.25   150   74970616    8.22777
ra0hdec-67.25   150   74979545    8.19003
ra0hdec-67.25   150   74988458    8.15855
ra0hdec-67.25   150   75114461    8.24558
ra0hdec-67.25   150   75123245    8.25462
ra0hdec-67.25   150   75132054    8.21358
ra0hdec-67.25   150   75258549    8.12787
ra0hdec-67.25   150   75267433    8.13612
ra0hdec-67.25   150   75276316   10.00166
ra0hdec-67.25   150   75417040    8.35447
ra0hdec-67.25   150   75425835    8.41153
ra0hdec-67.25   150   75550908    8.29521
ra0hdec-67.25   150   75559694    8.31581
ra0hdec-67.25   150   75568504    8.32974
ra0hdec-67.25   150   75694742    8.31450
ra0hdec-67.25   150   75703625    8.28407
ra0hdec-67.25   150   75712409    9.10624
ra0hdec-67.25   150   75841100    8.55470
ra0hdec-67.25   150   75850013    9.36537
ra0hdec-67.25   150   75993535    8.34640
ra0hdec-67.25   150   76002344    8.48854
ra0hdec-67.25   150   76125456    9.06920
ra0hdec-67.25   150   76134340   10.73629
ra0hdec-67.25   150   76143123    8.49411
ra0hdec-67.25   150   76269435    8.34574
ra0hdec-67.25   150   76278348    8.32512
ra0hdec-67.25   150   76287145    8.32767
ra0hdec-67.25   150   76413092    8.28405
ra0hdec-67.25   150   76421902    8.30898
ra0hdec-67.25   150   76430712    8.37109
ra0hdec-67.25   150   76562350    8.69723
ra0hdec-67.25   150   76571133    8.47609
ra0hdec-67.25   220   74838861    8.56869
ra0hdec-67.25   220   74970616    8.48880
ra0hdec-67.25   220   74979545    8.41678
ra0hdec-67.25   220   74988458    8.39380
ra0hdec-67.25   220   75114461    8.49884
ra0hdec-67.25   220   75123245    8.52150
ra0hdec-67.25   220   75132054    8.45983
ra0hdec-67.25   220   75258549    8.38566
ra0hdec-67.25   220   75267433    8.43577
ra0hdec-67.25   220   75276316   10.27711
ra0hdec-67.25   220   75417040    8.52170
ra0hdec-67.25   220   75425835    8.51601
ra0hdec-67.25   220   75550908    8.44344
ra0hdec-67.25   220   75559694    8.47229
ra0hdec-67.25   220   75568504    8.48348
ra0hdec-67.25   220   75694742    8.47572
ra0hdec-67.25   220   75703625    8.49126
ra0hdec-67.25   220   75712409    9.22261
ra0hdec-67.25   220   75841100    8.73683
ra0hdec-67.25   220   75850013    9.79515
ra0hdec-67.25   220   75993535    8.60946
ra0hdec-67.25   220   76002344    8.67726
ra0hdec-67.25   220   76125456    9.09540
ra0hdec-67.25   220   76134340   10.30819
ra0hdec-67.25   220   76143123    8.69668
ra0hdec-67.25   220   76269435    8.47916
ra0hdec-67.25   220   76278348    8.45186
ra0hdec-67.25   220   76287145    8.47444
ra0hdec-67.25   220   76413092    8.43215
ra0hdec-67.25   220   76421902    8.45284
ra0hdec-67.25   220   76430712    8.50452
ra0hdec-67.25   220   76562350    8.74029
ra0hdec-67.25   220   76571133    8.51059
