0 201.311607 -43.116154 0.008333
1 201.305899 -43.116151 0.008333
2 201.300191 -43.116148 0.008333
3 201.294483 -43.116145 0.008333
4 201.288775 -43.116141 0.008333
5 201.328734 -43.111994 0.008333
6 201.323026 -43.111992 0.008333
7 201.317319 -43.111990 0.008333
8 201.311611 -43.111987 0.008333
9 201.305903 -43.111984 0.008333
10 201.300196 -43.111981 0.008333
11 201.294488 -43.111978 0.008333
12 201.288781 -43.111974 0.008333
13 201.283073 -43.111970 0.008333
14 201.277365 -43.111966 0.008333
15 201.334444 -43.107829 0.008333
16 201.328736 -43.107827 0.008333
17 201.323029 -43.107825 0.008333
18 201.317322 -43.107823 0.008333
19 201.311615 -43.107821 0.008333
20 201.305908 -43.107818 0.008333
21 201.300200 -43.107815 0.008333
22 201.294493 -43.107811 0.008333
23 201.288786 -43.107808 0.008333
24 201.283079 -43.107804 0.008333
25 201.277371 -43.107799 0.008333
26 201.271664 -43.107795 0.008333
27 201.265957 -43.107790 0.008333
28 201.340153 -43.103664 0.008333
29 201.334446 -43.103662 0.008333
30 201.328739 -43.103661 0.008333
31 201.323032 -43.103659 0.008333
32 201.317325 -43.103656 0.008333
33 201.311618 -43.103654 0.008333
34 201.305912 -43.103651 0.008333
35 201.300205 -43.103648 0.008333
36 201.294498 -43.103645 0.008333
37 201.288791 -43.103641 0.008333
38 201.283084 -43.103637 0.008333
39 201.277377 -43.103633 0.008333
40 201.271671 -43.103628 0.008333
41 201.265964 -43.103623 0.008333
42 201.345861 -43.099498 0.008333
43 201.340154 -43.099497 0.008333
44 201.334448 -43.099496 0.008333
45 201.328741 -43.099494 0.008333
46 201.323035 -43.099492 0.008333
47 201.317329 -43.099490 0.008333
48 201.311622 -43.099487 0.008333
49 201.305916 -43.099484 0.008333
50 201.300209 -43.099481 0.008333
51 201.294503 -43.099478 0.008333
52 201.288796 -43.099474 0.008333
53 201.283090 -43.099470 0.008333
54 201.277383 -43.099466 0.008333
55 201.271677 -43.099461 0.008333
56 201.265971 -43.099457 0.008333
57 201.260264 -43.099452 0.008333
58 201.351568 -43.095332 0.008333
59 201.345862 -43.095332 0.008333
60 201.340156 -43.095330 0.008333
61 201.334450 -43.095329 0.008333
62 201.328744 -43.095327 0.008333
63 201.323038 -43.095325 0.008333
64 201.317332 -43.095323 0.008333
65 201.311626 -43.095321 0.008333
66 201.305920 -43.095318 0.008333
67 201.300214 -43.095315 0.008333
68 201.294508 -43.095311 0.008333
69 201.288802 -43.095308 0.008333
70 201.283096 -43.095304 0.008333
71 201.277389 -43.095299 0.008333
72 201.271683 -43.095295 0.008333
73 201.265977 -43.095290 0.008333
74 201.260271 -43.095285 0.008333
75 201.254565 -43.095279 0.008333
76 201.351569 -43.091166 0.008333
77 201.345863 -43.091165 0.008333
78 201.340158 -43.091164 0.008333
79 201.334452 -43.091162 0.008333
80 201.328746 -43.091161 0.008333
81 201.323041 -43.091159 0.008333
82 201.317335 -43.091156 0.008333
83 201.311629 -43.091154 0.008333
84 201.305924 -43.091151 0.008333
85 201.300218 -43.091148 0.008333
86 201.294512 -43.091145 0.008333
87 201.288807 -43.091141 0.008333
88 201.283101 -43.091137 0.008333
89 201.277395 -43.091133 0.008333
90 201.271690 -43.091128 0.008333
91 201.265984 -43.091123 0.008333
92 201.260278 -43.091118 0.008333
93 201.254573 -43.091113 0.008333
94 201.357275 -43.087000 0.008333
95 201.351570 -43.086999 0.008333
96 201.345865 -43.086998 0.008333
97 201.340160 -43.086997 0.008333
98 201.334454 -43.086996 0.008333
99 201.328749 -43.086994 0.008333
100 201.323044 -43.086992 0.008333
101 201.317338 -43.086990 0.008333
102 201.311633 -43.086987 0.008333
103 201.305928 -43.086984 0.008333
104 201.300223 -43.086981 0.008333
105 201.294517 -43.086978 0.008333
106 201.288812 -43.086974 0.008333
107 201.283107 -43.086970 0.008333
108 201.277401 -43.086966 0.008333
109 201.271696 -43.086961 0.008333
110 201.265991 -43.086957 0.008333
111 201.260286 -43.086952 0.008333
112 201.254580 -43.086946 0.008333
113 201.357276 -43.082833 0.008333
114 201.351571 -43.082832 0.008333
115 201.345866 -43.082832 0.008333
116 201.340161 -43.082830 0.008333
117 201.334456 -43.082829 0.008333
118 201.328752 -43.082827 0.008333
119 201.323047 -43.082825 0.008333
120 201.317342 -43.082823 0.008333
121 201.311637 -43.082821 0.008333
122 201.305932 -43.082818 0.008333
123 201.300227 -43.082815 0.008333
124 201.294522 -43.082811 0.008333
125 201.288817 -43.082808 0.008333
126 201.283112 -43.082804 0.008333
127 201.277408 -43.082799 0.008333
128 201.271703 -43.082795 0.008333
129 201.265998 -43.082790 0.008333
130 201.260293 -43.082785 0.008333
131 201.254588 -43.082780 0.008333
132 201.362981 -43.078667 0.008333
133 201.357277 -43.078666 0.008333
134 201.351572 -43.078666 0.008333
135 201.345868 -43.078665 0.008333
136 201.340163 -43.078664 0.008333
137 201.334459 -43.078662 0.008333
138 201.328754 -43.078661 0.008333
139 201.323050 -43.078659 0.008333
140 201.317345 -43.078656 0.008333
141 201.311641 -43.078654 0.008333
142 201.305936 -43.078651 0.008333
143 201.300232 -43.078648 0.008333
144 201.294527 -43.078645 0.008333
145 201.288823 -43.078641 0.008333
146 201.283118 -43.078637 0.008333
147 201.277414 -43.078633 0.008333
148 201.271709 -43.078628 0.008333
149 201.266005 -43.078623 0.008333
150 201.260300 -43.078618 0.008333
151 201.254596 -43.078613 0.008333
152 201.248891 -43.078607 0.008333
153 201.368685 -43.074500 0.008333
154 201.362981 -43.074500 0.008333
155 201.357277 -43.074500 0.008333
156 201.351573 -43.074499 0.008333
157 201.345869 -43.074498 0.008333
158 201.340165 -43.074497 0.008333
159 201.334461 -43.074496 0.008333
160 201.328757 -43.074494 0.008333
161 201.323052 -43.074492 0.008333
162 201.317348 -43.074490 0.008333
163 201.311644 -43.074487 0.008333
164 201.305940 -43.074484 0.008333
165 201.300236 -43.074481 0.008333
166 201.294532 -43.074478 0.008333
167 201.288828 -43.074474 0.008333
168 201.283124 -43.074470 0.008333
169 201.277420 -43.074466 0.008333
170 201.271715 -43.074461 0.008333
171 201.266011 -43.074457 0.008333
172 201.260307 -43.074452 0.008333
173 201.254603 -43.074446 0.008333
174 201.248899 -43.074441 0.008333
175 201.374389 -43.070333 0.008333
176 201.368685 -43.070333 0.008333
177 201.362981 -43.070333 0.008333
178 201.357278 -43.070333 0.008333
179 201.351574 -43.070332 0.008333
180 201.345870 -43.070332 0.008333
181 201.340167 -43.070330 0.008333
182 201.334463 -43.070329 0.008333
183 201.328759 -43.070327 0.008333
184 201.323055 -43.070325 0.008333
185 201.317352 -43.070323 0.008333
186 201.311648 -43.070321 0.008333
187 201.305944 -43.070318 0.008333
188 201.300240 -43.070315 0.008333
189 201.294537 -43.070311 0.008333
190 201.288833 -43.070308 0.008333
191 201.283129 -43.070304 0.008333
192 201.277426 -43.070299 0.008333
193 201.271722 -43.070295 0.008333
194 201.266018 -43.070290 0.008333
195 201.260314 -43.070285 0.008333
196 201.254611 -43.070280 0.008333
197 201.248907 -43.070274 0.008333
198 201.385795 -43.066165 0.008333
199 201.380092 -43.066166 0.008333
200 201.374388 -43.066166 0.008333
201 201.368685 -43.066167 0.008333
202 201.362982 -43.066167 0.008333
203 201.357278 -43.066166 0.008333
204 201.351575 -43.066166 0.008333
205 201.345872 -43.066165 0.008333
206 201.340168 -43.066164 0.008333
207 201.334465 -43.066162 0.008333
208 201.328762 -43.066161 0.008333
209 201.323058 -43.066159 0.008333
210 201.317355 -43.066156 0.008333
211 201.311652 -43.066154 0.008333
212 201.305948 -43.066151 0.008333
213 201.300245 -43.066148 0.008333
214 201.294542 -43.066145 0.008333
215 201.288838 -43.066141 0.008333
216 201.283135 -43.066137 0.008333
217 201.277432 -43.066133 0.008333
218 201.271728 -43.066128 0.008333
219 201.266025 -43.066123 0.008333
220 201.260322 -43.066118 0.008333
221 201.254618 -43.066113 0.008333
222 201.391497 -43.061997 0.008333
223 201.385794 -43.061998 0.008333
224 201.380091 -43.061999 0.008333
225 201.374388 -43.062000 0.008333
226 201.368685 -43.062000 0.008333
227 201.362982 -43.062000 0.008333
228 201.357279 -43.062000 0.008333
229 201.351576 -43.061999 0.008333
230 201.345873 -43.061998 0.008333
231 201.340170 -43.061997 0.008333
232 201.334467 -43.061996 0.008333
233 201.328764 -43.061994 0.008333
234 201.323061 -43.061992 0.008333
235 201.317358 -43.061990 0.008333
236 201.311655 -43.061987 0.008333
237 201.305952 -43.061984 0.008333
238 201.300249 -43.061981 0.008333
239 201.294546 -43.061978 0.008333
240 201.288843 -43.061974 0.008333
241 201.283141 -43.061970 0.008333
242 201.277438 -43.061966 0.008333
243 201.271735 -43.061961 0.008333
244 201.266032 -43.061957 0.008333
245 201.260329 -43.061952 0.008333
246 201.254626 -43.061946 0.008333
247 201.402900 -43.057827 0.008333
248 201.397197 -43.057829 0.008333
249 201.391495 -43.057830 0.008333
250 201.385792 -43.057832 0.008333
251 201.380090 -43.057832 0.008333
252 201.374387 -43.057833 0.008333
253 201.368685 -43.057833 0.008333
254 201.362982 -43.057833 0.008333
255 201.357279 -43.057833 0.008333
256 201.351577 -43.057832 0.008333
257 201.345874 -43.057832 0.008333
258 201.340172 -43.057830 0.008333
259 201.334469 -43.057829 0.008333
260 201.328767 -43.057827 0.008333
261 201.323064 -43.057825 0.008333
262 201.317362 -43.057823 0.008333
263 201.311659 -43.057821 0.008333
264 201.305956 -43.057818 0.008333
265 201.300254 -43.057815 0.008333
266 201.294551 -43.057811 0.008333
267 201.288849 -43.057808 0.008333
268 201.283146 -43.057804 0.008333
269 201.277444 -43.057799 0.008333
270 201.271741 -43.057795 0.008333
271 201.266038 -43.057790 0.008333
272 201.260336 -43.057785 0.008333
273 201.254633 -43.057780 0.008333
274 201.408600 -43.053659 0.008333
275 201.402898 -43.053661 0.008333
276 201.397195 -43.053662 0.008333
277 201.391493 -43.053664 0.008333
278 201.385791 -43.053665 0.008333
279 201.380089 -43.053666 0.008333
280 201.374387 -43.053666 0.008333
281 201.368684 -43.053667 0.008333
282 201.362982 -43.053667 0.008333
283 201.357280 -43.053666 0.008333
284 201.351578 -43.053666 0.008333
285 201.345876 -43.053665 0.008333
286 201.340174 -43.053664 0.008333
287 201.334471 -43.053662 0.008333
288 201.328769 -43.053661 0.008333
289 201.323067 -43.053659 0.008333
290 201.317365 -43.053656 0.008333
291 201.311663 -43.053654 0.008333
292 201.305960 -43.053651 0.008333
293 201.300258 -43.053648 0.008333
294 201.294556 -43.053645 0.008333
295 201.288854 -43.053641 0.008333
296 201.283152 -43.053637 0.008333
297 201.277450 -43.053633 0.008333
298 201.271747 -43.053628 0.008333
299 201.266045 -43.053623 0.008333
300 201.260343 -43.053618 0.008333
301 201.254641 -43.053613 0.008333
302 201.414299 -43.049490 0.008333
303 201.408597 -43.049492 0.008333
304 201.402895 -43.049494 0.008333
305 201.397193 -43.049496 0.008333
306 201.391491 -43.049497 0.008333
307 201.385790 -43.049498 0.008333
308 201.380088 -43.049499 0.008333
309 201.374386 -43.049500 0.008333
310 201.368684 -43.049500 0.008333
311 201.362982 -43.049500 0.008333
312 201.357281 -43.049500 0.008333
313 201.351579 -43.049499 0.008333
314 201.345877 -43.049498 0.008333
315 201.340175 -43.049497 0.008333
316 201.334473 -43.049496 0.008333
317 201.328772 -43.049494 0.008333
318 201.323070 -43.049492 0.008333
319 201.317368 -43.049490 0.008333
320 201.311666 -43.049487 0.008333
321 201.305965 -43.049484 0.008333
322 201.300263 -43.049481 0.008333
323 201.294561 -43.049478 0.008333
324 201.288859 -43.049474 0.008333
325 201.283157 -43.049470 0.008333
326 201.277456 -43.049466 0.008333
327 201.271754 -43.049461 0.008333
328 201.266052 -43.049457 0.008333
329 201.260350 -43.049452 0.008333
330 201.414295 -43.045323 0.008333
331 201.408594 -43.045325 0.008333
332 201.402892 -43.045327 0.008333
333 201.397191 -43.045329 0.008333
334 201.391490 -43.045330 0.008333
335 201.385788 -43.045332 0.008333
336 201.380087 -43.045332 0.008333
337 201.374385 -43.045333 0.008333
338 201.368684 -43.045333 0.008333
339 201.362983 -43.045333 0.008333
340 201.357281 -43.045333 0.008333
341 201.351580 -43.045332 0.008333
342 201.345878 -43.045332 0.008333
343 201.340177 -43.045330 0.008333
344 201.334476 -43.045329 0.008333
345 201.328774 -43.045327 0.008333
346 201.323073 -43.045325 0.008333
347 201.317371 -43.045323 0.008333
348 201.311670 -43.045321 0.008333
349 201.305969 -43.045318 0.008333
350 201.300267 -43.045315 0.008333
351 201.294566 -43.045311 0.008333
352 201.288864 -43.045308 0.008333
353 201.283163 -43.045304 0.008333
354 201.277462 -43.045299 0.008333
355 201.271760 -43.045295 0.008333
356 201.266059 -43.045290 0.008333
357 201.260357 -43.045285 0.008333
358 201.419993 -43.041154 0.008333
359 201.414292 -43.041156 0.008333
360 201.408591 -43.041159 0.008333
361 201.402890 -43.041161 0.008333
362 201.397189 -43.041162 0.008333
363 201.391488 -43.041164 0.008333
364 201.385787 -43.041165 0.008333
365 201.380086 -43.041166 0.008333
366 201.374385 -43.041166 0.008333
367 201.368684 -43.041167 0.008333
368 201.362983 -43.041167 0.008333
369 201.357282 -43.041166 0.008333
370 201.351581 -43.041166 0.008333
371 201.345880 -43.041165 0.008333
372 201.340179 -43.041164 0.008333
373 201.334478 -43.041162 0.008333
374 201.328777 -43.041161 0.008333
375 201.323076 -43.041159 0.008333
376 201.317375 -43.041156 0.008333
377 201.311674 -43.041154 0.008333
378 201.305973 -43.041151 0.008333
379 201.300272 -43.041148 0.008333
380 201.294571 -43.041145 0.008333
381 201.288870 -43.041141 0.008333
382 201.283169 -43.041137 0.008333
383 201.277468 -43.041133 0.008333
384 201.271767 -43.041128 0.008333
385 201.266066 -43.041123 0.008333
386 201.260365 -43.041118 0.008333
387 201.425690 -43.036984 0.008333
388 201.419989 -43.036987 0.008333
389 201.414289 -43.036990 0.008333
390 201.408588 -43.036992 0.008333
391 201.402887 -43.036994 0.008333
392 201.397187 -43.036996 0.008333
393 201.391486 -43.036997 0.008333
394 201.385786 -43.036998 0.008333
395 201.380085 -43.036999 0.008333
396 201.374384 -43.037000 0.008333
397 201.368684 -43.037000 0.008333
398 201.362983 -43.037000 0.008333
399 201.357282 -43.037000 0.008333
400 201.351582 -43.036999 0.008333
401 201.345881 -43.036998 0.008333
402 201.340180 -43.036997 0.008333
403 201.334480 -43.036996 0.008333
404 201.328779 -43.036994 0.008333
405 201.323079 -43.036992 0.008333
406 201.317378 -43.036990 0.008333
407 201.311677 -43.036987 0.008333
408 201.305977 -43.036984 0.008333
409 201.300276 -43.036981 0.008333
410 201.294575 -43.036978 0.008333
411 201.288875 -43.036974 0.008333
412 201.283174 -43.036970 0.008333
413 201.277474 -43.036966 0.008333
414 201.271773 -43.036961 0.008333
415 201.266072 -43.036957 0.008333
416 201.431386 -43.032815 0.008333
417 201.425686 -43.032818 0.008333
418 201.419986 -43.032821 0.008333
419 201.414285 -43.032823 0.008333
420 201.408585 -43.032825 0.008333
421 201.402885 -43.032827 0.008333
422 201.397185 -43.032829 0.008333
423 201.391484 -43.032830 0.008333
424 201.385784 -43.032832 0.008333
425 201.380084 -43.032832 0.008333
426 201.374384 -43.032833 0.008333
427 201.368683 -43.032833 0.008333
428 201.362983 -43.032833 0.008333
429 201.357283 -43.032833 0.008333
430 201.351583 -43.032832 0.008333
431 201.345882 -43.032832 0.008333
432 201.340182 -43.032830 0.008333
433 201.334482 -43.032829 0.008333
434 201.328782 -43.032827 0.008333
435 201.323082 -43.032825 0.008333
436 201.317381 -43.032823 0.008333
437 201.311681 -43.032821 0.008333
438 201.305981 -43.032818 0.008333
439 201.300281 -43.032815 0.008333
440 201.294580 -43.032811 0.008333
441 201.288880 -43.032808 0.008333
442 201.283180 -43.032804 0.008333
443 201.277480 -43.032799 0.008333
444 201.271779 -43.032795 0.008333
445 201.266079 -43.032790 0.008333
446 201.437082 -43.028645 0.008333
447 201.431382 -43.028648 0.008333
448 201.425682 -43.028651 0.008333
449 201.419982 -43.028654 0.008333
450 201.414282 -43.028656 0.008333
451 201.408582 -43.028659 0.008333
452 201.402882 -43.028661 0.008333
453 201.397183 -43.028662 0.008333
454 201.391483 -43.028664 0.008333
455 201.385783 -43.028665 0.008333
456 201.380083 -43.028666 0.008333
457 201.374383 -43.028666 0.008333
458 201.368683 -43.028667 0.008333
459 201.362983 -43.028667 0.008333
460 201.357284 -43.028666 0.008333
461 201.351584 -43.028666 0.008333
462 201.345884 -43.028665 0.008333
463 201.340184 -43.028664 0.008333
464 201.334484 -43.028662 0.008333
465 201.328784 -43.028661 0.008333
466 201.323084 -43.028659 0.008333
467 201.317385 -43.028656 0.008333
468 201.311685 -43.028654 0.008333
469 201.305985 -43.028651 0.008333
470 201.300285 -43.028648 0.008333
471 201.294585 -43.028645 0.008333
472 201.288885 -43.028641 0.008333
473 201.283185 -43.028637 0.008333
474 201.277486 -43.028633 0.008333
475 201.271786 -43.028628 0.008333
476 201.442776 -43.024474 0.008333
477 201.437077 -43.024478 0.008333
478 201.431377 -43.024481 0.008333
479 201.425678 -43.024484 0.008333
480 201.419978 -43.024487 0.008333
481 201.414279 -43.024490 0.008333
482 201.408579 -43.024492 0.008333
483 201.402880 -43.024494 0.008333
484 201.397180 -43.024496 0.008333
485 201.391481 -43.024497 0.008333
486 201.385781 -43.024498 0.008333
487 201.380082 -43.024499 0.008333
488 201.374383 -43.024500 0.008333
489 201.368683 -43.024500 0.008333
490 201.362984 -43.024500 0.008333
491 201.357284 -43.024500 0.008333
492 201.351585 -43.024499 0.008333
493 201.345885 -43.024498 0.008333
494 201.340186 -43.024497 0.008333
495 201.334486 -43.024496 0.008333
496 201.328787 -43.024494 0.008333
497 201.323087 -43.024492 0.008333
498 201.317388 -43.024490 0.008333
499 201.311688 -43.024487 0.008333
500 201.305989 -43.024484 0.008333
501 201.300289 -43.024481 0.008333
502 201.294590 -43.024478 0.008333
503 201.288890 -43.024474 0.008333
504 201.283191 -43.024470 0.008333
505 201.277492 -43.024466 0.008333
506 201.271792 -43.024462 0.008333
507 201.448470 -43.020304 0.008333
508 201.442771 -43.020308 0.008333
509 201.437072 -43.020311 0.008333
510 201.431373 -43.020315 0.008333
511 201.425674 -43.020318 0.008333
512 201.419975 -43.020321 0.008333
513 201.414276 -43.020323 0.008333
514 201.408576 -43.020325 0.008333
515 201.402877 -43.020327 0.008333
516 201.397178 -43.020329 0.008333
517 201.391479 -43.020330 0.008333
518 201.385780 -43.020332 0.008333
519 201.380081 -43.020332 0.008333
520 201.374382 -43.020333 0.008333
521 201.368683 -43.020333 0.008333
522 201.362984 -43.020333 0.008333
523 201.357285 -43.020333 0.008333
524 201.351586 -43.020332 0.008333
525 201.345887 -43.020332 0.008333
526 201.340187 -43.020330 0.008333
527 201.334488 -43.020329 0.008333
528 201.328789 -43.020327 0.008333
529 201.323090 -43.020325 0.008333
530 201.317391 -43.020323 0.008333
531 201.311692 -43.020321 0.008333
532 201.305993 -43.020318 0.008333
533 201.300294 -43.020315 0.008333
534 201.294595 -43.020311 0.008333
535 201.288896 -43.020308 0.008333
536 201.283197 -43.020304 0.008333
537 201.277498 -43.020299 0.008333
538 201.454163 -43.016133 0.008333
539 201.448464 -43.016137 0.008333
540 201.442766 -43.016141 0.008333
541 201.437067 -43.016145 0.008333
542 201.431368 -43.016148 0.008333
543 201.425670 -43.016151 0.008333
544 201.419971 -43.016154 0.008333
545 201.414272 -43.016156 0.008333
546 201.408574 -43.016159 0.008333
547 201.402875 -43.016161 0.008333
548 201.397176 -43.016162 0.008333
549 201.391477 -43.016164 0.008333
550 201.385779 -43.016165 0.008333
551 201.380080 -43.016166 0.008333
552 201.374381 -43.016166 0.008333
553 201.368683 -43.016167 0.008333
554 201.362984 -43.016167 0.008333
555 201.357285 -43.016166 0.008333
556 201.351587 -43.016166 0.008333
557 201.345888 -43.016165 0.008333
558 201.340189 -43.016164 0.008333
559 201.334490 -43.016162 0.008333
560 201.328792 -43.016161 0.008333
561 201.323093 -43.016159 0.008333
562 201.317394 -43.016156 0.008333
563 201.311696 -43.016154 0.008333
564 201.305997 -43.016151 0.008333
565 201.300298 -43.016148 0.008333
566 201.294600 -43.016145 0.008333
567 201.288901 -43.016141 0.008333
568 201.283202 -43.016137 0.008333
569 201.459855 -43.011962 0.008333
570 201.454157 -43.011966 0.008333
571 201.448459 -43.011970 0.008333
572 201.442761 -43.011974 0.008333
573 201.437062 -43.011978 0.008333
574 201.431364 -43.011981 0.008333
575 201.425666 -43.011984 0.008333
576 201.419967 -43.011987 0.008333
577 201.414269 -43.011990 0.008333
578 201.408571 -43.011992 0.008333
579 201.402872 -43.011994 0.008333
580 201.397174 -43.011996 0.008333
581 201.391476 -43.011997 0.008333
582 201.385777 -43.011998 0.008333
583 201.380079 -43.011999 0.008333
584 201.374381 -43.012000 0.008333
585 201.368682 -43.012000 0.008333
586 201.362984 -43.012000 0.008333
587 201.357286 -43.012000 0.008333
588 201.351588 -43.011999 0.008333
589 201.345889 -43.011998 0.008333
590 201.340191 -43.011997 0.008333
591 201.334493 -43.011996 0.008333
592 201.328794 -43.011994 0.008333
593 201.323096 -43.011992 0.008333
594 201.317398 -43.011990 0.008333
595 201.311699 -43.011987 0.008333
596 201.306001 -43.011984 0.008333
597 201.300303 -43.011981 0.008333
598 201.294604 -43.011978 0.008333
599 201.288906 -43.011974 0.008333
600 201.465547 -43.007790 0.008333
601 201.459849 -43.007795 0.008333
602 201.454151 -43.007799 0.008333
603 201.448453 -43.007804 0.008333
604 201.442755 -43.007808 0.008333
605 201.437057 -43.007811 0.008333
606 201.431359 -43.007815 0.008333
607 201.425662 -43.007818 0.008333
608 201.419964 -43.007821 0.008333
609 201.414266 -43.007823 0.008333
610 201.408568 -43.007825 0.008333
611 201.402870 -43.007827 0.008333
612 201.397172 -43.007829 0.008333
613 201.391474 -43.007830 0.008333
614 201.385776 -43.007832 0.008333
615 201.380078 -43.007832 0.008333
616 201.374380 -43.007833 0.008333
617 201.368682 -43.007833 0.008333
618 201.362984 -43.007833 0.008333
619 201.357286 -43.007833 0.008333
620 201.351589 -43.007832 0.008333
621 201.345891 -43.007832 0.008333
622 201.340193 -43.007830 0.008333
623 201.334495 -43.007829 0.008333
624 201.328797 -43.007827 0.008333
625 201.323099 -43.007825 0.008333
626 201.317401 -43.007823 0.008333
627 201.311703 -43.007821 0.008333
628 201.306005 -43.007818 0.008333
629 201.300307 -43.007815 0.008333
630 201.294609 -43.007811 0.008333
631 201.471238 -43.003618 0.008333
632 201.465540 -43.003623 0.008333
633 201.459843 -43.003628 0.008333
634 201.454145 -43.003633 0.008333
635 201.448448 -43.003637 0.008333
636 201.442750 -43.003641 0.008333
637 201.437053 -43.003645 0.008333
638 201.431355 -43.003648 0.008333
639 201.425657 -43.003651 0.008333
640 201.419960 -43.003654 0.008333
641 201.414262 -43.003656 0.008333
642 201.408565 -43.003659 0.008333
643 201.402867 -43.003661 0.008333
644 201.397170 -43.003662 0.008333
645 201.391472 -43.003664 0.008333
646 201.385775 -43.003665 0.008333
647 201.380077 -43.003666 0.008333
648 201.374380 -43.003666 0.008333
649 201.368682 -43.003667 0.008333
650 201.362985 -43.003667 0.008333
651 201.357287 -43.003666 0.008333
652 201.351589 -43.003666 0.008333
653 201.345892 -43.003665 0.008333
654 201.340194 -43.003664 0.008333
655 201.334497 -43.003662 0.008333
656 201.328799 -43.003661 0.008333
657 201.323102 -43.003659 0.008333
658 201.317404 -43.003656 0.008333
659 201.311707 -43.003654 0.008333
660 201.306009 -43.003651 0.008333
661 201.300312 -43.003648 0.008333
662 201.471231 -42.999452 0.008333
663 201.465533 -42.999457 0.008333
664 201.459836 -42.999462 0.008333
665 201.454139 -42.999466 0.008333
666 201.448442 -42.999470 0.008333
667 201.442745 -42.999474 0.008333
668 201.437048 -42.999478 0.008333
669 201.431351 -42.999481 0.008333
670 201.425653 -42.999484 0.008333
671 201.419956 -42.999487 0.008333
672 201.414259 -42.999490 0.008333
673 201.408562 -42.999492 0.008333
674 201.402865 -42.999494 0.008333
675 201.397168 -42.999496 0.008333
676 201.391471 -42.999497 0.008333
677 201.385773 -42.999498 0.008333
678 201.380076 -42.999499 0.008333
679 201.374379 -42.999500 0.008333
680 201.368682 -42.999500 0.008333
681 201.362985 -42.999500 0.008333
682 201.357288 -42.999500 0.008333
683 201.351590 -42.999499 0.008333
684 201.345893 -42.999498 0.008333
685 201.340196 -42.999497 0.008333
686 201.334499 -42.999496 0.008333
687 201.328802 -42.999494 0.008333
688 201.323105 -42.999492 0.008333
689 201.317408 -42.999490 0.008333
690 201.311710 -42.999487 0.008333
691 201.306013 -42.999484 0.008333
692 201.476920 -42.995280 0.008333
693 201.471223 -42.995285 0.008333
694 201.465527 -42.995290 0.008333
695 201.459830 -42.995295 0.008333
696 201.454133 -42.995299 0.008333
697 201.448436 -42.995304 0.008333
698 201.442740 -42.995308 0.008333
699 201.437043 -42.995311 0.008333
700 201.431346 -42.995315 0.008333
701 201.425649 -42.995318 0.008333
702 201.419953 -42.995321 0.008333
703 201.414256 -42.995323 0.008333
704 201.408559 -42.995325 0.008333
705 201.402862 -42.995327 0.008333
706 201.397166 -42.995329 0.008333
707 201.391469 -42.995330 0.008333
708 201.385772 -42.995332 0.008333
709 201.380075 -42.995332 0.008333
710 201.374378 -42.995333 0.008333
711 201.368682 -42.995333 0.008333
712 201.362985 -42.995333 0.008333
713 201.357288 -42.995333 0.008333
714 201.351591 -42.995332 0.008333
715 201.345895 -42.995332 0.008333
716 201.340198 -42.995330 0.008333
717 201.334501 -42.995329 0.008333
718 201.328804 -42.995327 0.008333
719 201.323108 -42.995325 0.008333
720 201.317411 -42.995323 0.008333
721 201.482609 -42.991107 0.008333
722 201.476913 -42.991113 0.008333
723 201.471216 -42.991118 0.008333
724 201.465520 -42.991123 0.008333
725 201.459824 -42.991128 0.008333
726 201.454127 -42.991133 0.008333
727 201.448431 -42.991137 0.008333
728 201.442734 -42.991141 0.008333
729 201.437038 -42.991145 0.008333
730 201.431342 -42.991148 0.008333
731 201.425645 -42.991151 0.008333
732 201.419949 -42.991154 0.008333
733 201.414253 -42.991156 0.008333
734 201.408556 -42.991159 0.008333
735 201.402860 -42.991161 0.008333
736 201.397163 -42.991162 0.008333
737 201.391467 -42.991164 0.008333
738 201.385771 -42.991165 0.008333
739 201.380074 -42.991166 0.008333
740 201.374378 -42.991166 0.008333
741 201.368682 -42.991167 0.008333
742 201.362985 -42.991167 0.008333
743 201.357289 -42.991166 0.008333
744 201.351592 -42.991166 0.008333
745 201.345896 -42.991165 0.008333
746 201.340200 -42.991164 0.008333
747 201.334503 -42.991162 0.008333
748 201.328807 -42.991161 0.008333
749 201.323110 -42.991159 0.008333
750 201.482601 -42.986941 0.008333
751 201.476905 -42.986946 0.008333
752 201.471209 -42.986952 0.008333
753 201.465513 -42.986957 0.008333
754 201.459817 -42.986962 0.008333
755 201.454121 -42.986966 0.008333
756 201.448425 -42.986970 0.008333
757 201.442729 -42.986974 0.008333
758 201.437033 -42.986978 0.008333
759 201.431337 -42.986981 0.008333
760 201.425641 -42.986984 0.008333
761 201.419945 -42.986987 0.008333
762 201.414249 -42.986990 0.008333
763 201.408553 -42.986992 0.008333
764 201.402857 -42.986994 0.008333
765 201.397161 -42.986996 0.008333
766 201.391465 -42.986997 0.008333
767 201.385769 -42.986998 0.008333
768 201.380073 -42.986999 0.008333
769 201.374377 -42.987000 0.008333
770 201.368681 -42.987000 0.008333
771 201.362985 -42.987000 0.008333
772 201.357289 -42.987000 0.008333
773 201.351593 -42.986999 0.008333
774 201.345897 -42.986998 0.008333
775 201.340201 -42.986997 0.008333
776 201.334505 -42.986996 0.008333
777 201.328809 -42.986994 0.008333
778 201.488289 -42.982768 0.008333
779 201.482593 -42.982774 0.008333
780 201.476898 -42.982780 0.008333
781 201.471202 -42.982785 0.008333
782 201.465506 -42.982790 0.008333
783 201.459811 -42.982795 0.008333
784 201.454115 -42.982799 0.008333
785 201.448420 -42.982804 0.008333
786 201.442724 -42.982808 0.008333
787 201.437028 -42.982811 0.008333
788 201.431333 -42.982815 0.008333
789 201.425637 -42.982818 0.008333
790 201.419942 -42.982821 0.008333
791 201.414246 -42.982823 0.008333
792 201.408550 -42.982825 0.008333
793 201.402855 -42.982827 0.008333
794 201.397159 -42.982829 0.008333
795 201.391464 -42.982830 0.008333
796 201.385768 -42.982832 0.008333
797 201.380072 -42.982832 0.008333
798 201.374377 -42.982833 0.008333
799 201.368681 -42.982833 0.008333
800 201.362986 -42.982833 0.008333
801 201.357290 -42.982833 0.008333
802 201.351594 -42.982832 0.008333
803 201.345899 -42.982832 0.008333
804 201.488280 -42.978601 0.008333
805 201.482585 -42.978607 0.008333
806 201.476890 -42.978613 0.008333
807 201.471195 -42.978618 0.008333
808 201.465500 -42.978623 0.008333
809 201.459804 -42.978628 0.008333
810 201.454109 -42.978633 0.008333
811 201.448414 -42.978637 0.008333
812 201.442719 -42.978641 0.008333
813 201.437024 -42.978645 0.008333
814 201.431328 -42.978648 0.008333
815 201.425633 -42.978651 0.008333
816 201.419938 -42.978654 0.008333
817 201.414243 -42.978656 0.008333
818 201.408547 -42.978659 0.008333
819 201.402852 -42.978661 0.008333
820 201.397157 -42.978662 0.008333
821 201.391462 -42.978664 0.008333
822 201.385767 -42.978665 0.008333
823 201.380071 -42.978666 0.008333
824 201.374376 -42.978666 0.008333
825 201.368681 -42.978667 0.008333
826 201.362986 -42.978667 0.008333
827 201.357291 -42.978666 0.008333
828 201.488272 -42.974435 0.008333
829 201.482577 -42.974441 0.008333
830 201.476883 -42.974446 0.008333
831 201.471188 -42.974452 0.008333
832 201.465493 -42.974457 0.008333
833 201.459798 -42.974462 0.008333
834 201.454103 -42.974466 0.008333
835 201.448408 -42.974470 0.008333
836 201.442714 -42.974474 0.008333
837 201.437019 -42.974478 0.008333
838 201.431324 -42.974481 0.008333
839 201.425629 -42.974484 0.008333
840 201.419934 -42.974487 0.008333
841 201.414239 -42.974490 0.008333
842 201.408545 -42.974492 0.008333
843 201.402850 -42.974494 0.008333
844 201.397155 -42.974496 0.008333
845 201.391460 -42.974497 0.008333
846 201.385765 -42.974498 0.008333
847 201.380070 -42.974499 0.008333
848 201.374376 -42.974500 0.008333
849 201.368681 -42.974500 0.008333
850 201.362986 -42.974500 0.008333
851 201.357291 -42.974500 0.008333
852 201.493958 -42.970262 0.008333
853 201.488264 -42.970268 0.008333
854 201.482569 -42.970274 0.008333
855 201.476875 -42.970280 0.008333
856 201.471181 -42.970285 0.008333
857 201.465486 -42.970290 0.008333
858 201.459792 -42.970295 0.008333
859 201.454097 -42.970299 0.008333
860 201.448403 -42.970304 0.008333
861 201.442708 -42.970308 0.008333
862 201.437014 -42.970311 0.008333
863 201.431319 -42.970315 0.008333
864 201.425625 -42.970318 0.008333
865 201.419931 -42.970321 0.008333
866 201.414236 -42.970323 0.008333
867 201.408542 -42.970325 0.008333
868 201.402847 -42.970327 0.008333
869 201.397153 -42.970329 0.008333
870 201.391458 -42.970330 0.008333
871 201.385764 -42.970332 0.008333
872 201.380069 -42.970332 0.008333
873 201.374375 -42.970333 0.008333
874 201.368681 -42.970333 0.008333
875 201.362986 -42.970333 0.008333
876 201.357292 -42.970333 0.008333
877 201.493950 -42.966095 0.008333
878 201.488256 -42.966101 0.008333
879 201.482562 -42.966107 0.008333
880 201.476868 -42.966113 0.008333
881 201.471173 -42.966118 0.008333
882 201.465479 -42.966123 0.008333
883 201.459785 -42.966128 0.008333
884 201.454091 -42.966133 0.008333
885 201.448397 -42.966137 0.008333
886 201.442703 -42.966141 0.008333
887 201.437009 -42.966145 0.008333
888 201.431315 -42.966148 0.008333
889 201.425621 -42.966151 0.008333
890 201.419927 -42.966154 0.008333
891 201.414233 -42.966156 0.008333
892 201.408539 -42.966159 0.008333
893 201.402845 -42.966161 0.008333
894 201.397151 -42.966162 0.008333
895 201.391457 -42.966164 0.008333
896 201.385763 -42.966165 0.008333
897 201.380068 -42.966166 0.008333
898 201.374374 -42.966166 0.008333
899 201.368680 -42.966167 0.008333
900 201.362986 -42.966167 0.008333
901 201.493941 -42.961929 0.008333
902 201.488247 -42.961935 0.008333
903 201.482554 -42.961941 0.008333
904 201.476860 -42.961946 0.008333
905 201.471166 -42.961952 0.008333
906 201.465473 -42.961957 0.008333
907 201.459779 -42.961962 0.008333
908 201.454085 -42.961966 0.008333
909 201.448392 -42.961970 0.008333
910 201.442698 -42.961974 0.008333
911 201.437004 -42.961978 0.008333
912 201.431311 -42.961981 0.008333
913 201.425617 -42.961984 0.008333
914 201.419923 -42.961987 0.008333
915 201.414230 -42.961990 0.008333
916 201.408536 -42.961992 0.008333
917 201.402842 -42.961994 0.008333
918 201.397149 -42.961996 0.008333
919 201.391455 -42.961997 0.008333
920 201.385761 -42.961998 0.008333
921 201.380068 -42.961999 0.008333
922 201.374374 -42.962000 0.008333
923 201.368680 -42.962000 0.008333
924 201.362986 -42.962000 0.008333
925 201.493932 -42.957762 0.008333
926 201.488239 -42.957768 0.008333
927 201.482546 -42.957774 0.008333
928 201.476852 -42.957780 0.008333
929 201.471159 -42.957785 0.008333
930 201.465466 -42.957790 0.008333
931 201.459773 -42.957795 0.008333
932 201.454079 -42.957799 0.008333
933 201.448386 -42.957804 0.008333
934 201.442693 -42.957808 0.008333
935 201.436999 -42.957811 0.008333
936 201.431306 -42.957815 0.008333
937 201.425613 -42.957818 0.008333
938 201.419920 -42.957821 0.008333
939 201.414226 -42.957823 0.008333
940 201.408533 -42.957825 0.008333
941 201.402840 -42.957827 0.008333
942 201.397146 -42.957829 0.008333
943 201.391453 -42.957830 0.008333
944 201.385760 -42.957832 0.008333
945 201.380067 -42.957832 0.008333
946 201.374373 -42.957833 0.008333
947 201.368680 -42.957833 0.008333
948 201.362987 -42.957833 0.008333
949 201.493924 -42.953595 0.008333
950 201.488231 -42.953601 0.008333
951 201.482538 -42.953607 0.008333
952 201.476845 -42.953613 0.008333
953 201.471152 -42.953618 0.008333
954 201.465459 -42.953623 0.008333
955 201.459766 -42.953628 0.008333
956 201.454073 -42.953633 0.008333
957 201.448380 -42.953637 0.008333
958 201.442688 -42.953641 0.008333
959 201.436995 -42.953645 0.008333
960 201.431302 -42.953648 0.008333
961 201.425609 -42.953651 0.008333
962 201.419916 -42.953654 0.008333
963 201.414223 -42.953656 0.008333
964 201.408530 -42.953659 0.008333
965 201.402837 -42.953661 0.008333
966 201.397144 -42.953662 0.008333
967 201.391451 -42.953664 0.008333
968 201.385759 -42.953665 0.008333
969 201.380066 -42.953666 0.008333
970 201.374373 -42.953666 0.008333
971 201.368680 -42.953667 0.008333
972 201.362987 -42.953667 0.008333
973 201.488222 -42.949435 0.008333
974 201.482530 -42.949441 0.008333
975 201.476837 -42.949446 0.008333
976 201.471145 -42.949452 0.008333
977 201.465452 -42.949457 0.008333
978 201.459760 -42.949462 0.008333
979 201.454067 -42.949466 0.008333
980 201.448375 -42.949470 0.008333
981 201.442682 -42.949474 0.008333
982 201.436990 -42.949478 0.008333
983 201.431297 -42.949481 0.008333
984 201.425605 -42.949484 0.008333
985 201.419912 -42.949487 0.008333
986 201.414220 -42.949490 0.008333
987 201.408527 -42.949492 0.008333
988 201.402835 -42.949494 0.008333
989 201.397142 -42.949496 0.008333
990 201.391450 -42.949497 0.008333
991 201.385757 -42.949498 0.008333
992 201.380065 -42.949499 0.008333
993 201.374372 -42.949500 0.008333
994 201.368680 -42.949500 0.008333
995 201.488214 -42.945268 0.008333
996 201.482522 -42.945274 0.008333
997 201.476830 -42.945280 0.008333
998 201.471138 -42.945285 0.008333
999 201.465446 -42.945290 0.008333
1000 201.459754 -42.945295 0.008333
1001 201.454061 -42.945299 0.008333
1002 201.448369 -42.945304 0.008333
1003 201.442677 -42.945308 0.008333
1004 201.436985 -42.945311 0.008333
1005 201.431293 -42.945315 0.008333
1006 201.425601 -42.945318 0.008333
1007 201.419909 -42.945321 0.008333
1008 201.414216 -42.945323 0.008333
1009 201.408524 -42.945325 0.008333
1010 201.402832 -42.945327 0.008333
1011 201.397140 -42.945329 0.008333
1012 201.391448 -42.945330 0.008333
1013 201.385756 -42.945332 0.008333
1014 201.380064 -42.945332 0.008333
1015 201.374372 -42.945333 0.008333
1016 201.368679 -42.945333 0.008333
1017 201.488206 -42.941101 0.008333
1018 201.482514 -42.941107 0.008333
1019 201.476822 -42.941113 0.008333
1020 201.471131 -42.941118 0.008333
1021 201.465439 -42.941123 0.008333
1022 201.459747 -42.941128 0.008333
1023 201.454055 -42.941133 0.008333
1024 201.448364 -42.941137 0.008333
1025 201.442672 -42.941141 0.008333
1026 201.436980 -42.941145 0.008333
1027 201.431288 -42.941148 0.008333
1028 201.425597 -42.941151 0.008333
1029 201.419905 -42.941154 0.008333
1030 201.414213 -42.941156 0.008333
1031 201.408521 -42.941159 0.008333
1032 201.402830 -42.941161 0.008333
1033 201.397138 -42.941162 0.008333
1034 201.391446 -42.941164 0.008333
1035 201.385754 -42.941165 0.008333
1036 201.380063 -42.941166 0.008333
1037 201.374371 -42.941166 0.008333
1038 201.482506 -42.936941 0.008333
1039 201.476815 -42.936946 0.008333
1040 201.471124 -42.936952 0.008333
1041 201.465432 -42.936957 0.008333
1042 201.459741 -42.936962 0.008333
1043 201.454049 -42.936966 0.008333
1044 201.448358 -42.936970 0.008333
1045 201.442667 -42.936974 0.008333
1046 201.436975 -42.936978 0.008333
1047 201.431284 -42.936981 0.008333
1048 201.425593 -42.936984 0.008333
1049 201.419901 -42.936987 0.008333
1050 201.414210 -42.936990 0.008333
1051 201.408519 -42.936992 0.008333
1052 201.402827 -42.936994 0.008333
1053 201.397136 -42.936996 0.008333
1054 201.391444 -42.936997 0.008333
1055 201.385753 -42.936998 0.008333
1056 201.380062 -42.936999 0.008333
1057 201.374370 -42.937000 0.008333
1058 201.482498 -42.932774 0.008333
1059 201.476807 -42.932780 0.008333
1060 201.471116 -42.932785 0.008333
1061 201.465425 -42.932790 0.008333
1062 201.459734 -42.932795 0.008333
1063 201.454043 -42.932799 0.008333
1064 201.448353 -42.932804 0.008333
1065 201.442662 -42.932808 0.008333
1066 201.436971 -42.932811 0.008333
1067 201.431280 -42.932815 0.008333
1068 201.425589 -42.932818 0.008333
1069 201.419898 -42.932821 0.008333
1070 201.414207 -42.932823 0.008333
1071 201.408516 -42.932825 0.008333
1072 201.402825 -42.932827 0.008333
1073 201.397134 -42.932829 0.008333
1074 201.391443 -42.932830 0.008333
1075 201.385752 -42.932832 0.008333
1076 201.380061 -42.932832 0.008333
1077 201.482490 -42.928607 0.008333
1078 201.476800 -42.928613 0.008333
1079 201.471109 -42.928618 0.008333
1080 201.465419 -42.928623 0.008333
1081 201.459728 -42.928628 0.008333
1082 201.454038 -42.928633 0.008333
1083 201.448347 -42.928637 0.008333
1084 201.442656 -42.928641 0.008333
1085 201.436966 -42.928645 0.008333
1086 201.431275 -42.928648 0.008333
1087 201.425585 -42.928651 0.008333
1088 201.419894 -42.928654 0.008333
1089 201.414203 -42.928656 0.008333
1090 201.408513 -42.928659 0.008333
1091 201.402822 -42.928661 0.008333
1092 201.397132 -42.928662 0.008333
1093 201.391441 -42.928664 0.008333
1094 201.385750 -42.928665 0.008333
1095 201.380060 -42.928666 0.008333
1096 201.476792 -42.924446 0.008333
1097 201.471102 -42.924452 0.008333
1098 201.465412 -42.924457 0.008333
1099 201.459722 -42.924462 0.008333
1100 201.454032 -42.924466 0.008333
1101 201.448341 -42.924470 0.008333
1102 201.442651 -42.924474 0.008333
1103 201.436961 -42.924478 0.008333
1104 201.431271 -42.924481 0.008333
1105 201.425581 -42.924484 0.008333
1106 201.419890 -42.924487 0.008333
1107 201.414200 -42.924490 0.008333
1108 201.408510 -42.924492 0.008333
1109 201.402820 -42.924494 0.008333
1110 201.397129 -42.924496 0.008333
1111 201.391439 -42.924497 0.008333
1112 201.385749 -42.924498 0.008333
1113 201.471095 -42.920285 0.008333
1114 201.465405 -42.920290 0.008333
1115 201.459715 -42.920295 0.008333
1116 201.454026 -42.920299 0.008333
1117 201.448336 -42.920304 0.008333
1118 201.442646 -42.920308 0.008333
1119 201.436956 -42.920311 0.008333
1120 201.431266 -42.920315 0.008333
1121 201.425576 -42.920318 0.008333
1122 201.419887 -42.920321 0.008333
1123 201.414197 -42.920323 0.008333
1124 201.408507 -42.920325 0.008333
1125 201.402817 -42.920327 0.008333
1126 201.397127 -42.920329 0.008333
1127 201.391438 -42.920330 0.008333
1128 201.465398 -42.916123 0.008333
1129 201.459709 -42.916128 0.008333
1130 201.454020 -42.916133 0.008333
1131 201.448330 -42.916137 0.008333
1132 201.442641 -42.916141 0.008333
1133 201.436951 -42.916145 0.008333
1134 201.431262 -42.916148 0.008333
1135 201.425572 -42.916151 0.008333
1136 201.419883 -42.916154 0.008333
1137 201.414194 -42.916156 0.008333
1138 201.408504 -42.916159 0.008333
1139 201.402815 -42.916161 0.008333
1140 201.454014 -42.911966 0.008333
1141 201.448325 -42.911970 0.008333
1142 201.442636 -42.911974 0.008333
1143 201.436946 -42.911978 0.008333
1144 201.431257 -42.911981 0.008333
1145 201.425568 -42.911984 0.008333
1146 201.419879 -42.911987 0.008333
1147 201.414190 -42.911990 0.008333
