0.0000000 1.4362593 3.0317681 1.0000000 2.0000000
1.0000000 2.2781451 -1.4015993 0.0000000 2.0000000
2.0000000 -3.4996393 -1.8947181 0.0000000 1.0000000
3.0000000 0.38161913 1.0906990 4.0000000 5.0000000
4.0000000 -0.24559477 -0.50388646 5.0000000 3.0000000
5.0000000 -1.1628574 0.0018121436 4.0000000 19.000000
6.0000000 0.0000000 0.0000000 9.0000000 10.000000
7.0000000 1.0835205 -0.42900163 8.0000000 6.0000000
8.0000000 0.53705072 0.63929164 7.0000000 6.0000000
9.0000000 0.079719380 -1.4482290 10.000000 6.0000000
10.000000 1.2862707 0.095534809 9.0000000 6.0000000
11.000000 -0.92806482 0.79455203 12.000000 5.0000000
12.000000 1.6877664 1.8218939 11.000000 5.0000000
13.000000 0.0000000 0.0000000 17.000000 15.000000
14.000000 -1.2303184 0.53276527 15.000000 13.000000
15.000000 -0.77383232 -0.69303077 14.000000 13.000000
16.000000 0.43492892 -0.71156943 17.000000 13.000000
17.000000 -2.2537336 -0.046298008 16.000000 13.000000
18.000000 0.59777391 0.20992167 19.000000 5.0000000
19.000000 0.18711495 -0.84738743 18.000000 5.0000000
20.000000 0.060882494 -0.19090237 22.000000 5.0000000
21.000000 0.35848624 -0.22099456 16.000000 17.000000
22.000000 -2.4670045 1.7026151 20.000000 5.0000000
23.000000 2.2276556 -1.0692447 20.000000 22.000000
24.000000 1.3671688 0.014071973 25.000000 22.000000
25.000000 -1.0392096 0.20752043 24.000000 3.0000000
26.000000 0.0000000 0.0000000 26.000000 27.000000
27.000000 0.0000000 0.0000000 26.000000 27.000000
28.000000 0.0000000 0.0000000 26.000000 27.000000
29.000000 0.0000000 0.0000000 26.000000 27.000000
30.000000 0.0000000 0.0000000 26.000000 27.000000
31.000000 0.0000000 0.0000000 26.000000 27.000000
32.000000 0.0000000 0.0000000 26.000000 27.000000
33.000000 0.0000000 0.0000000 26.000000 27.000000
34.000000 0.0000000 0.0000000 26.000000 27.000000
35.000000 0.0000000 0.0000000 26.000000 27.000000
36.000000 0.0000000 0.0000000 26.000000 27.000000
37.000000 0.0000000 0.0000000 26.000000 27.000000
38.000000 0.0000000 0.0000000 26.000000 27.000000
39.000000 0.0000000 0.0000000 26.000000 27.000000
40.000000 0.038763225 -0.21240196 42.000000 44.000000
41.000000 0.038763225 -0.21240196 43.000000 45.000000
42.000000 0.038763225 -0.21240196 40.000000 44.000000
43.000000 0.038763225 -0.21240196 41.000000 45.000000
44.000000 0.038763225 -0.21240196 40.000000 42.000000
45.000000 0.038763225 -0.21240196 47.000000 43.000000
46.000000 0.038763225 -0.21240196 47.000000 45.000000
47.000000 0.038763225 -0.21240196 45.000000 46.000000
48.000000 0.038763225 -0.21240196 49.000000 44.000000
49.000000 0.038763225 -0.21240196 48.000000 47.000000
50.000000 0.33703238 -0.15127386 48.000000 44.000000
51.000000 0.33703238 -0.15127386 49.000000 50.000000
52.000000 0.33703238 -0.15127386 54.000000 56.000000
53.000000 0.33703238 -0.15127386 57.000000 55.000000
54.000000 -0.29793349 0.52823466 52.000000 56.000000
55.000000 -0.29793349 0.52823466 53.000000 58.000000
56.000000 -0.29793349 0.52823466 52.000000 54.000000
57.000000 -0.29793349 0.52823466 53.000000 55.000000
58.000000 -0.29793349 0.52823466 55.000000 53.000000
59.000000 -0.29793349 0.52823466 56.000000 55.000000
60.000000 0.33026433 -0.39848128 61.000000 62.000000
61.000000 0.28811991 0.48886576 62.000000 60.000000
62.000000 -0.64238417 -0.43051505 60.000000 61.000000
63.000000 -128.16347 -322.78671 -1.0000000 -1.0000000
