VALIDITYBEG 0
VALIDITYEND NEXT
 
###########################################################
#  ptsrc_config_ra0dec-57p5_20150821_both_withFlux.txt
#  This file contains RA & dec & mask radius for 
#  point sources detected above  5.0mJy
#  in the  90, 150 GHz bands.
###########################################################
# Index RA              DEC             RadiusFlux
#       (deg)           (deg)           (deg) (mJy)
   1     32.68587     -51.01497       0.0833  
   2    359.46918     -53.18615       0.0833  
   3    352.33206     -49.92616       0.0833  
   4    352.31781     -47.50347       0.0833  
   5    352.31781     -47.50347       0.0833  
   6     14.69086     -56.98399       0.0833  
   7    338.79712     -48.59735       0.0833  
   8    338.79712     -48.59735       0.0833  
   9     12.49499     -57.63815       0.0833  
  10    331.92767     -53.77746       0.0833  
  11    331.92767     -53.77746       0.0833  
  12    348.93268     -50.31011       0.0833  
  13    339.79593     -57.02045       0.0833  
  14      1.14364     -47.60318       0.0833  
  15     33.56099     -61.82547       0.0833  
  16     15.88624     -64.64950       0.0833  
  17    354.04837     -52.60524       0.0833  
  18     39.21503     -61.60144       0.0833  
  19    330.22321     -55.33474       0.0833  
  20    353.68500     -52.85446       0.0833  
  21     23.26988     -51.99899       0.0833  
  22    357.34698     -49.53932       0.0833  
  23     37.79643     -47.76826       0.0833  
  24    341.56573     -56.13224       0.0833  
  25     19.95725     -53.95317       0.0833  
  26    320.25525     -61.18817       0.0833  
  27     35.21825     -63.50485       0.0833  
  28    340.77765     -62.84922       0.0833  
  29     28.57927     -51.12897       0.0833  
  30     37.29945     -54.05521       0.0833  
  31    351.35428     -48.00318       0.0833  
  32    356.92709     -49.77307       0.0833  
  33    325.43420     -64.18541       0.0833  
  34    359.74756     -60.90892       0.0833  
  35    359.68716     -60.88219       0.0833  
  36    332.88861     -48.84566       0.0833  
  37    337.78384     -62.52102       0.0833  
  38     37.08504     -55.76718       0.0833  
  39     21.23532     -51.21900       0.0833  
  40    356.83090     -51.17595       0.0833  
  41      6.43642     -48.06305       0.0833  
  42     21.80661     -48.22442       0.0833  
  43     15.54022     -56.61524       0.0833  
  44     35.87527     -53.79242       0.0833  
  45    355.86041     -56.43956       0.0833  
  46    357.10141     -60.82291       0.0833  
  47     31.65997     -61.72513       0.0833  
  48    343.73590     -59.43315       0.0833  
  49    323.82974     -50.11356       0.0833  
  50     29.60007     -58.18134       0.0833  
  51    321.11679     -49.80065       0.0833  
  52     26.70003     -52.04054       0.0833  
  53    359.33002     -48.63722       0.0833  
  54    345.39951     -59.22252       0.0833  
  55    332.07886     -64.07170       0.0833  
  56    330.99731     -61.50406       0.0833  
  57    323.02878     -54.34066       0.0833  
  58    324.08340     -63.59730       0.0833  
  59     22.07921     -56.82579       0.0833  
  60    323.55121     -65.22768       0.0833  
  61    347.25830     -50.84908       0.0833  
  62     35.45621     -56.78960       0.0833  
  63     38.80836     -47.15762       0.0833  
  64      2.00597     -52.72435       0.0833  
  65    332.30972     -47.16425       0.0833  
  66    332.19904     -63.42877       0.0833  
  67     17.30534     -60.82837       0.0833  
  68    359.81784     -60.94416       0.0833  
  69    359.81784     -60.94416       0.0833  
  70     26.05917     -64.36068       0.0833  
  71      0.71924     -59.80390       0.0833  
  72    354.35980     -59.02013       0.0833  
  73    327.74542     -64.15046       0.0833  
  74     25.60351     -57.49850       0.0833  
  75     38.77195     -47.61821       0.0833  
  76     37.54296     -62.24089       0.0833  
  77    345.96402     -54.11230       0.0833  
  78    332.66232     -50.45055       0.0833  
  79    350.19791     -53.16189       0.0833  
  80     37.81451     -58.68250       0.0833  
  81    344.85422     -48.30446       0.0833  
  82     29.20482     -54.66137       0.0833  
  83      4.85861     -56.69463       0.0833  
  84     17.55952     -63.26379       0.0833  
  85    349.62402     -48.31246       0.0833  
  86     15.30378     -62.55020       0.0833  
  87    358.28842     -48.09947       0.0833  
  88     14.72664     -52.32257       0.0833  
  89    333.39017     -63.49933       0.0833  
  90     31.99781     -62.27612       0.0833  
  91     19.23612     -65.36591       0.0833  
  92    355.82098     -57.16091       0.0833  
  93    330.01614     -54.92786       0.0833  
  94     37.34937     -52.53829       0.0833  
  95    338.58746     -54.10189       0.0833  
  96    354.11377     -48.12226       0.0833  
  97    325.33908     -55.07495       0.0833  
  98      5.92585     -59.50798       0.0833  
  99     24.95394     -52.29574       0.0833  
 100     37.78293     -57.91844       0.0833  
 101    326.93002     -55.43945       0.0833  
 102     29.81945     -60.93350       0.0833  
 103    329.19617     -63.51677       0.0833  
 104    339.59885     -51.24187       0.0833  
 105    358.91449     -54.30890       0.0833  
 106    349.81647     -53.53011       0.0833  
 107    339.76801     -55.43406       0.0833  
 108      1.82629     -61.21650       0.0833  
 109    343.58746     -51.81415       0.0833  
 110    359.94571     -50.70908       0.0833  
 111    350.24872     -54.04270       0.0833  
 112      5.08953     -48.78257       0.0833  
 113    349.31079     -62.25811       0.0833  
 114      3.60670     -56.63743       0.0833  
 115    329.99194     -47.86444       0.0833  
 116      5.75459     -56.83405       0.0833  
 117    330.54269     -49.42065       0.0833  
 118      8.46367     -56.94426       0.0833  
 119      0.78995     -54.74787       0.0833  
 120     24.91805     -47.53303       0.0833  
 121     11.42139     -48.77566       0.0833  
 122     21.97799     -51.61019       0.0833  
 123     33.53672     -58.36779       0.0833  
 124      4.69814     -51.24754       0.0833  
 125     11.58683     -50.10918       0.0833  
 126    354.34491     -52.27124       0.0833  
 127      0.76208     -55.49950       0.0833  
 128     10.02401     -59.06297       0.0833  
 129    356.36237     -59.89325       0.0833  
 130     29.64225     -64.19009       0.0833  
 131      1.48773     -56.47314       0.0833  
 132     15.77591     -51.15196       0.0833  
 133     14.27087     -52.23793       0.0833  
 134     13.94615     -61.60701       0.0833  
 135    343.95596     -52.76189       0.0833  
 136      7.89025     -51.72240       0.0833  
 137    321.00006     -52.78805       0.0833  
 138    330.74988     -49.61562       0.0833  
 139    340.59256     -60.74119       0.0833  
 140    320.58887     -56.00235       0.0833  
 141    351.65134     -61.10142       0.0833  
 142     25.42046     -56.84158       0.0833  
 143    327.97876     -53.28045       0.0833  
